  12555 zeleboba  20   0 1544468 869404   3468 S   0,0  21,6   0:00.00 176298
  12555 zeleboba  20   0 1544468 869404   3468 S   0,0  21,6   0:00.00 176298
  12555 zeleboba  20   0 1544468 869404   3468 S   0,0  21,6   0:00.00 176298
  12555 zeleboba  20   0 1544468 869404   3468 S   0,0  21,6   0:00.00 176298
  12555 zeleboba  20   0 1544468 869404   3468 S   0,0  21,6   0:00.00 176298
  12555 zeleboba  20   0 1544468 869404   3468 S   0,0  21,6   0:00.00 176298
  12555 zeleboba  20   0 1544468 832444   3468 S   0,0  20,7   0:00.00 176298
  12555 zeleboba  20   0 1544468 869404   3468 S   0,0  21,6   0:00.00 176298
  12555 zeleboba  20   0 1544468 869404   3468 S   0,0  21,6   0:00.00 176298
  12555 zeleboba  20   0 1544468 869404   3468 S   0,0  21,6   0:00.00 176298
  12555 zeleboba  20   0 1544468 869404   3468 S   0,0  21,6   0:00.00 176298
  12555 zeleboba  20   0 1544468 869404   3468 S   0,0  21,6   0:00.00 176298
  12555 zeleboba  20   0 1544468 869404   3468 S   0,0  21,6   0:00.00 176298
  12555 zeleboba  20   0 1544468 869404   3468 S   0,0  21,6   0:00.00 176298
  12555 zeleboba  20   0 1544468 869404   3468 S   0,0  21,6   0:00.00 176298
  12555 zeleboba  20   0 1544468 869404   3468 S   0,0  21,6   0:00.00 176298
  12555 zeleboba  20   0 1544468 869404   3468 S   0,0  21,6   0:00.00 176298
  12555 zeleboba  20   0 1544468 869404   3468 S   0,0  21,6   0:00.00 176298
  12555 zeleboba  20   0 1544468 869404   3468 S   0,0  21,6   0:00.00 176298
  12555 zeleboba  20   0 1544468 869404   3468 S   0,0  21,6   0:00.00 176298
  12555 zeleboba  20   0 1544468 869404   3468 S   0,0  21,6   0:00.00 176298
  12555 zeleboba  20   0 1544468 869404   3468 S   0,0  21,6   0:00.00 176298
  12555 zeleboba  20   0 1544468 869404   3468 S   0,0  21,6   0:00.00 176298
  12555 zeleboba  20   0 1544468 865708   3468 S   0,0  21,5   0:00.00 176298
  12555 zeleboba  20   0 1544468 869404   3468 S   0,0  21,6   0:00.00 176298
  12555 zeleboba  20   0 1544468 869404   3468 S   0,0  21,6   0:00.00 176298
  12555 zeleboba  20   0 1544468 869404   3468 S   0,0  21,6   0:00.00 176298
  12555 zeleboba  20   0 1544468 869404   3468 S   0,0  21,6   0:00.00 176298
  12555 zeleboba  20   0 1544468 869404   3468 S   0,0  21,6   0:00.00 176298
  12555 zeleboba  20   0 1544468 869404   3468 S   0,0  21,6   0:00.00 176298
  12555 zeleboba  20   0 1544468 869404   3468 S   0,0  21,6   0:00.00 176298
  12555 zeleboba  20   0 1544468 869404   3468 S   0,0  21,6   0:00.00 176298
  12555 zeleboba  20   0 1544468 869404   3468 S   0,0  21,6   0:00.00 176298
  12555 zeleboba  20   0 1544468 869404   3468 S   0,0  21,6   0:00.00 176298
  12555 zeleboba  20   0 1544468 869404   3468 S   0,0  21,6   0:00.00 176298
  12555 zeleboba  20   0 1544468 869404   3468 S   0,0  21,6   0:00.00 176298
  12555 zeleboba  20   0 1544468 869404   3468 S   0,0  21,6   0:00.00 176298
  12555 zeleboba  20   0 1544468 869404   3468 S   0,0  21,6   0:00.00 176298
  12555 zeleboba  20   0 1544468 869404   3468 S   0,0  21,6   0:00.00 176298
  12555 zeleboba  20   0 1544468 869404   3468 S   0,0  21,6   0:00.00 176298
  12555 zeleboba  20   0 1544468 869404   3468 S   0,0  21,6   0:00.00 176298
  12555 zeleboba  20   0 1544468 869404   3468 S   0,0  21,6   0:00.00 176298
  12555 zeleboba  20   0 1544468 869404   3468 S   0,0  21,6   0:00.00 176298
  12555 zeleboba  20   0 1544468 869404   3468 S   0,0  21,6   0:00.00 176298
  12555 zeleboba  20   0 1544468 869404   3468 S   0,0  21,6   0:00.00 176298
  12555 zeleboba  20   0 1544468 869404   3468 S   0,0  21,6   0:00.00 176298
  12555 zeleboba  20   0 1544468 869404   3468 S   0,0  21,6   0:00.00 176298
  12555 zeleboba  20   0 1544468 869404   3468 S   0,0  21,6   0:00.00 176298
  12555 zeleboba  20   0 1544468 869404   3468 S   0,0  21,6   0:00.00 176298
  12555 zeleboba  20   0 1544468 869404   3468 S   0,0  21,6   0:00.00 176298
  12555 zeleboba  20   0 1544468 869404   3468 S   0,0  21,6   0:00.00 176298
  12555 zeleboba  20   0 1544468 869404   3468 S   0,0  21,6   0:00.00 176298
  12555 zeleboba  20   0 1544468 869404   3468 S   0,0  21,6   0:00.00 176298
  12555 zeleboba  20   0 1544468 869404   3468 S   0,0  21,6   0:00.00 176298
  12555 zeleboba  20   0 1544468 869404   3468 S   0,0  21,6   0:00.00 176298
  12555 zeleboba  20   0 1544468 869404   3468 S   0,0  21,6   0:00.00 176298
  12555 zeleboba  20   0 1544468 869404   3468 S   0,0  21,6   0:00.00 176298
  12555 zeleboba  20   0 1544468 869404   3468 S   0,0  21,6   0:00.00 176298
  12555 zeleboba  20   0 1544468 869404   3468 S   0,0  21,6   0:00.00 176298
  12555 zeleboba  20   0 1544468 869404   3468 S   0,0  21,6   0:00.00 176298
