  12570 zeleboba  20   0 1544468 869404   3468 S   0,0  21,6   0:00.00 176298
  12570 zeleboba  20   0 1544468 869404   3468 S   0,0  21,6   0:00.00 176298
  12570 zeleboba  20   0 1544468 869404   3468 S   0,0  21,6   0:00.00 176298
  12570 zeleboba  20   0 1544468 869404   3468 S   0,0  21,6   0:00.00 176298
  12570 zeleboba  20   0 1544468 869404   3468 S   0,0  21,6   0:00.00 176298
  12570 zeleboba  20   0 1544468 869404   3468 S   0,0  21,6   0:00.00 176298
  12570 zeleboba  20   0 1544468 832444   3468 S   0,0  20,7   0:00.00 176298
  12570 zeleboba  20   0 1544468 869404   3468 S   0,0  21,6   0:00.00 176298
  12570 zeleboba  20   0 1544468 869404   3468 S   0,0  21,6   0:00.00 176298
  12570 zeleboba  20   0 1544468 869404   3468 S   0,0  21,6   0:00.00 176298
  12570 zeleboba  20   0 1544468 869404   3468 S   0,0  21,6   0:00.00 176298
  12570 zeleboba  20   0 1544468 869404   3468 S   0,0  21,6   0:00.00 176298
  12570 zeleboba  20   0 1544468 869404   3468 S   0,0  21,6   0:00.00 176298
  12570 zeleboba  20   0 1544468 869404   3468 S   0,0  21,6   0:00.00 176298
  12570 zeleboba  20   0 1544468 869404   3468 S   0,0  21,6   0:00.00 176298
  12570 zeleboba  20   0 1544468 869404   3468 S   0,0  21,6   0:00.00 176298
  12570 zeleboba  20   0 1544468 869404   3468 S   0,0  21,6   0:00.00 176298
  12570 zeleboba  20   0 1544468 869404   3468 S   0,0  21,6   0:00.00 176298
  12570 zeleboba  20   0 1544468 869404   3468 S   0,0  21,6   0:00.00 176298
  12570 zeleboba  20   0 1544468 869404   3468 S   0,0  21,6   0:00.00 176298
  12570 zeleboba  20   0 1544468 869404   3468 S   0,0  21,6   0:00.00 176298
  12570 zeleboba  20   0 1544468 869404   3468 S   0,0  21,6   0:00.00 176298
  12570 zeleboba  20   0 1544468 869404   3468 S   0,0  21,6   0:00.00 176298
  12570 zeleboba  20   0 1544468 869404   3468 S   0,0  21,6   0:00.00 176298
  12570 zeleboba  20   0 1544468 869404   3468 S   0,0  21,6   0:00.00 176298
  12570 zeleboba  20   0 1544468 869404   3468 S   0,0  21,6   0:00.00 176298
  12570 zeleboba  20   0 1544468 869404   3468 S   0,0  21,6   0:00.00 176298
  12570 zeleboba  20   0 1544468 869404   3468 S   0,0  21,6   0:00.00 176298
  12570 zeleboba  20   0 1544468 869404   3468 S   0,0  21,6   0:00.00 176298
  12570 zeleboba  20   0 1544468 869404   3468 S   0,0  21,6   0:00.00 176298
  12570 zeleboba  20   0 1544468 869404   3468 S   0,0  21,6   0:00.00 176298
  12570 zeleboba  20   0 1544468 869404   3468 S   0,0  21,6   0:00.00 176298
  12570 zeleboba  20   0 1544468 869404   3468 S   0,0  21,6   0:00.00 176298
  12570 zeleboba  20   0 1544468 869404   3468 S   0,0  21,6   0:00.00 176298
  12570 zeleboba  20   0 1544468 869404   3468 S   0,0  21,6   0:00.00 176298
  12570 zeleboba  20   0 1544468 869404   3468 S   0,0  21,6   0:00.00 176298
  12570 zeleboba  20   0 1544468 869404   3468 S   0,0  21,6   0:00.00 176298
  12570 zeleboba  20   0 1544468 869404   3468 S   0,0  21,6   0:00.00 176298
  12570 zeleboba  20   0 1544468 869404   3468 S   0,0  21,6   0:00.00 176298
  12570 zeleboba  20   0 1544468 869404   3468 S   0,0  21,6   0:00.00 176298
  12570 zeleboba  20   0 1544468 869404   3468 S   0,0  21,6   0:00.00 176298
  12570 zeleboba  20   0 1544468 869404   3468 S   0,0  21,6   0:00.00 176298
  12570 zeleboba  20   0 1544468 869404   3468 S   0,0  21,6   0:00.00 176298
  12570 zeleboba  20   0 1544468 869404   3468 S   0,0  21,6   0:00.00 176298
  12570 zeleboba  20   0 1544468 869404   3468 S   0,0  21,6   0:00.00 176298
  12570 zeleboba  20   0 1544468 869404   3468 S   0,0  21,6   0:00.00 176298
  12570 zeleboba  20   0 1544468 869404   3468 S   0,0  21,6   0:00.00 176298
  12570 zeleboba  20   0 1544468 869404   3468 S   0,0  21,6   0:00.00 176298
  12570 zeleboba  20   0 1544468 869404   3468 S   0,0  21,6   0:00.00 176298
  12570 zeleboba  20   0 1544468 869404   3468 S   0,0  21,6   0:00.00 176298
  12570 zeleboba  20   0 1544468 869404   3468 S   0,0  21,6   0:00.00 176298
  12570 zeleboba  20   0 1544468 869404   3468 S   0,0  21,6   0:00.00 176298
  12570 zeleboba  20   0 1544468 869404   3468 S   0,0  21,6   0:00.00 176298
  12570 zeleboba  20   0 1544468 869404   3468 S   0,0  21,6   0:00.00 176298
  12570 zeleboba  20   0 1544468 869404   3468 S   0,0  21,6   0:00.00 176298
  12570 zeleboba  20   0 1544468 869404   3468 S   0,0  21,6   0:00.00 176298
  12570 zeleboba  20   0 1544468 869404   3468 S   0,0  21,6   0:00.00 176298
  12570 zeleboba  20   0 1544468 869404   3468 S   0,0  21,6   0:00.00 176298
  12570 zeleboba  20   0 1544468 869404   3468 S   0,0  21,6   0:00.00 176298
  12570 zeleboba  20   0 1544468 869404   3468 S   0,0  21,6   0:00.00 176298
