  12556 zeleboba  20   0 1544468 869404   3468 S   0,0  21,6   0:00.98 176298
  12556 zeleboba  20   0 1544468 869404   3468 S   0,0  21,6   0:00.98 176298
  12556 zeleboba  20   0 1544468 869404   3468 S   0,0  21,6   0:00.98 176298
  12556 zeleboba  20   0 1544468 869404   3468 S   0,0  21,6   0:00.98 176298
  12556 zeleboba  20   0 1544468 869404   3468 S   0,0  21,6   0:00.98 176298
  12556 zeleboba  20   0 1544468 869404   3468 S   0,0  21,6   0:00.98 176298
  12556 zeleboba  20   0 1544468 832444   3468 R   6,7  20,7   0:01.05 176298
  12556 zeleboba  20   0 1544468 869404   3468 S  11,9  21,6   0:01.17 176298
  12556 zeleboba  20   0 1544468 869404   3468 S   0,0  21,6   0:01.17 176298
  12556 zeleboba  20   0 1544468 869404   3468 S   0,0  21,6   0:01.17 176298
  12556 zeleboba  20   0 1544468 869404   3468 S   0,0  21,6   0:01.17 176298
  12556 zeleboba  20   0 1544468 869404   3468 S   0,0  21,6   0:01.17 176298
  12556 zeleboba  20   0 1544468 869404   3468 S   0,0  21,6   0:01.17 176298
  12556 zeleboba  20   0 1544468 869404   3468 S   0,0  21,6   0:01.17 176298
  12556 zeleboba  20   0 1544468 869404   3468 S   0,0  21,6   0:01.17 176298
  12556 zeleboba  20   0 1544468 869404   3468 S   0,0  21,6   0:01.17 176298
  12556 zeleboba  20   0 1544468 869404   3468 S   0,0  21,6   0:01.17 176298
  12556 zeleboba  20   0 1544468 869404   3468 S   0,0  21,6   0:01.17 176298
  12556 zeleboba  20   0 1544468 869404   3468 S   0,0  21,6   0:01.17 176298
  12556 zeleboba  20   0 1544468 869404   3468 S   0,0  21,6   0:01.17 176298
  12556 zeleboba  20   0 1544468 869404   3468 S   0,0  21,6   0:01.17 176298
  12556 zeleboba  20   0 1544468 869404   3468 S   0,0  21,6   0:01.17 176298
  12556 zeleboba  20   0 1544468 869404   3468 S   0,0  21,6   0:01.17 176298
  12556 zeleboba  20   0 1544468 869404   3468 R  18,8  21,6   0:01.36 176298
  12556 zeleboba  20   0 1544468 869404   3468 S   1,0  21,6   0:01.37 176298
  12556 zeleboba  20   0 1544468 869404   3468 S   0,0  21,6   0:01.37 176298
  12556 zeleboba  20   0 1544468 869404   3468 S   0,0  21,6   0:01.37 176298
  12556 zeleboba  20   0 1544468 869404   3468 S   0,0  21,6   0:01.37 176298
  12556 zeleboba  20   0 1544468 869404   3468 S   0,0  21,6   0:01.37 176298
  12556 zeleboba  20   0 1544468 869404   3468 S   0,0  21,6   0:01.37 176298
  12556 zeleboba  20   0 1544468 869404   3468 S   0,0  21,6   0:01.37 176298
  12556 zeleboba  20   0 1544468 869404   3468 S   0,0  21,6   0:01.37 176298
  12556 zeleboba  20   0 1544468 869404   3468 S   0,0  21,6   0:01.37 176298
  12556 zeleboba  20   0 1544468 869404   3468 S   0,0  21,6   0:01.37 176298
  12556 zeleboba  20   0 1544468 869404   3468 S   0,0  21,6   0:01.37 176298
  12556 zeleboba  20   0 1544468 869404   3468 S   0,0  21,6   0:01.37 176298
  12556 zeleboba  20   0 1544468 869404   3468 S   0,0  21,6   0:01.37 176298
  12556 zeleboba  20   0 1544468 869404   3468 S   0,0  21,6   0:01.37 176298
  12556 zeleboba  20   0 1544468 869404   3468 S   0,0  21,6   0:01.37 176298
  12556 zeleboba  20   0 1544468 869404   3468 D   7,8  21,6   0:01.45 176298
  12556 zeleboba  20   0 1544468 869404   3468 S   6,9  21,6   0:01.52 176298
  12556 zeleboba  20   0 1544468 869404   3468 S   0,0  21,6   0:01.52 176298
  12556 zeleboba  20   0 1544468 869404   3468 S   0,0  21,6   0:01.52 176298
  12556 zeleboba  20   0 1544468 869404   3468 S   0,0  21,6   0:01.52 176298
  12556 zeleboba  20   0 1544468 869404   3468 S   0,0  21,6   0:01.52 176298
  12556 zeleboba  20   0 1544468 869404   3468 S   0,0  21,6   0:01.52 176298
  12556 zeleboba  20   0 1544468 869404   3468 S   0,0  21,6   0:01.52 176298
  12556 zeleboba  20   0 1544468 869404   3468 S   0,0  21,6   0:01.52 176298
  12556 zeleboba  20   0 1544468 869404   3468 S   0,0  21,6   0:01.52 176298
  12556 zeleboba  20   0 1544468 869404   3468 S   0,0  21,6   0:01.52 176298
  12556 zeleboba  20   0 1544468 869404   3468 S   0,0  21,6   0:01.52 176298
  12556 zeleboba  20   0 1544468 869404   3468 S   0,0  21,6   0:01.52 176298
  12556 zeleboba  20   0 1544468 869404   3468 S   0,0  21,6   0:01.52 176298
  12556 zeleboba  20   0 1544468 869404   3468 S   0,0  21,6   0:01.52 176298
  12556 zeleboba  20   0 1544468 869404   3468 S   0,0  21,6   0:01.52 176298
  12556 zeleboba  20   0 1544468 869404   3468 R   1,0  21,6   0:01.53 176298
  12556 zeleboba  20   0 1544468 869404   3468 S  14,9  21,6   0:01.68 176298
  12556 zeleboba  20   0 1544468 869404   3468 S   0,0  21,6   0:01.68 176298
  12556 zeleboba  20   0 1544468 869404   3468 S   0,0  21,6   0:01.68 176298
  12556 zeleboba  20   0 1544468 869404   3468 S   0,0  21,6   0:01.68 176298
