  12579 zeleboba  20   0 1544468 869404   3468 S   0,0  21,6   0:07.60 176298
  12579 zeleboba  20   0 1544468 869404   3468 S   0,0  21,6   0:07.60 176298
  12579 zeleboba  20   0 1544468 869404   3468 S   0,0  21,6   0:07.60 176298
  12579 zeleboba  20   0 1544468 869404   3468 S   0,0  21,6   0:07.60 176298
  12579 zeleboba  20   0 1544468 869404   3468 S   0,0  21,6   0:07.60 176298
  12579 zeleboba  20   0 1544468 869404   3468 R   5,9  21,6   0:07.66 176298
  12579 zeleboba  20   0 1544468 832444   3468 R  15,2  20,7   0:07.82 176298
  12579 zeleboba  20   0 1544468 869404   3468 R  19,8  21,6   0:08.02 176298
  12579 zeleboba  20   0 1544468 869404   3468 R  29,4  21,6   0:08.32 176298
  12579 zeleboba  20   0 1544468 869404   3468 R  34,3  21,6   0:08.67 176298
  12579 zeleboba  20   0 1544468 869404   3468 S  21,8  21,6   0:08.89 176298
  12579 zeleboba  20   0 1544468 869404   3468 S   0,0  21,6   0:08.89 176298
  12579 zeleboba  20   0 1544468 869404   3468 S   0,0  21,6   0:08.89 176298
  12579 zeleboba  20   0 1544468 869404   3468 S   0,0  21,6   0:08.89 176298
  12579 zeleboba  20   0 1544468 869404   3468 S   0,0  21,6   0:08.89 176298
  12579 zeleboba  20   0 1544468 869404   3468 S   0,0  21,6   0:08.89 176298
  12579 zeleboba  20   0 1544468 869404   3468 S   0,0  21,6   0:08.89 176298
  12579 zeleboba  20   0 1544468 869404   3468 S   0,0  21,6   0:08.89 176298
  12579 zeleboba  20   0 1544468 869404   3468 R  13,7  21,6   0:09.03 176298
  12579 zeleboba  20   0 1544468 869404   3468 R  31,7  21,6   0:09.35 176298
  12579 zeleboba  20   0 1544468 869404   3468 R  32,4  21,6   0:09.68 176298
  12579 zeleboba  20   0 1544468 869404   3468 R  32,4  21,6   0:10.01 176298
  12579 zeleboba  20   0 1544468 869404   3468 R  23,8  21,6   0:10.25 176298
  12579 zeleboba  20   0 1544468 869404   3468 S   9,9  21,6   0:10.35 176298
  12579 zeleboba  20   0 1544468 869404   3468 S   0,0  21,6   0:10.35 176298
  12579 zeleboba  20   0 1544468 869404   3468 S   0,0  21,6   0:10.35 176298
  12579 zeleboba  20   0 1544468 869404   3468 S   0,0  21,6   0:10.35 176298
  12579 zeleboba  20   0 1544468 869404   3468 S   0,0  21,6   0:10.35 176298
  12579 zeleboba  20   0 1544468 869404   3468 S   0,0  21,6   0:10.35 176298
  12579 zeleboba  20   0 1544468 869404   3468 S   0,0  21,6   0:10.35 176298
  12579 zeleboba  20   0 1544468 869404   3468 S   0,0  21,6   0:10.35 176298
  12579 zeleboba  20   0 1544468 869404   3468 R  17,6  21,6   0:10.53 176298
  12579 zeleboba  20   0 1544468 869404   3468 R  32,7  21,6   0:10.86 176298
  12579 zeleboba  20   0 1544468 869404   3468 R  31,4  21,6   0:11.18 176298
  12579 zeleboba  20   0 1544468 869404   3468 R  32,7  21,6   0:11.51 176298
  12579 zeleboba  20   0 1544468 869404   3468 R  32,7  21,6   0:11.84 176298
  12579 zeleboba  20   0 1544468 869404   3468 S  13,9  21,6   0:11.98 176298
  12579 zeleboba  20   0 1544468 869404   3468 S   0,0  21,6   0:11.98 176298
  12579 zeleboba  20   0 1544468 869404   3468 S   0,0  21,6   0:11.98 176298
  12579 zeleboba  20   0 1544468 869404   3468 S   0,0  21,6   0:11.98 176298
  12579 zeleboba  20   0 1544468 869404   3468 S   0,0  21,6   0:11.98 176298
  12579 zeleboba  20   0 1544468 869404   3468 S   0,0  21,6   0:11.98 176298
  12579 zeleboba  20   0 1544468 869404   3468 S   0,0  21,6   0:11.98 176298
  12579 zeleboba  20   0 1544468 869404   3468 S   0,0  21,6   0:11.98 176298
  12579 zeleboba  20   0 1544468 869404   3468 R  23,8  21,6   0:12.22 176298
  12579 zeleboba  20   0 1544468 869404   3468 R  32,7  21,6   0:12.55 176298
  12579 zeleboba  20   0 1544468 869404   3468 R  31,7  21,6   0:12.87 176298
  12579 zeleboba  20   0 1544468 869404   3468 R  31,7  21,6   0:13.20 176298
  12579 zeleboba  20   0 1544468 869404   3468 R  32,7  21,6   0:13.53 176298
  12579 zeleboba  20   0 1544468 869404   3468 S   7,9  21,6   0:13.61 176298
  12579 zeleboba  20   0 1544468 869404   3468 S   0,0  21,6   0:13.61 176298
  12579 zeleboba  20   0 1544468 869404   3468 S   0,0  21,6   0:13.61 176298
  12579 zeleboba  20   0 1544468 869404   3468 S   0,0  21,6   0:13.61 176298
  12579 zeleboba  20   0 1544468 869404   3468 S   0,0  21,6   0:13.61 176298
  12579 zeleboba  20   0 1544468 869404   3468 S   0,0  21,6   0:13.61 176298
  12579 zeleboba  20   0 1544468 869404   3468 S   0,0  21,6   0:13.61 176298
  12579 zeleboba  20   0 1544468 869404   3468 S   0,0  21,6   0:13.61 176298
  12579 zeleboba  20   0 1544468 869404   3468 R  28,4  21,6   0:13.90 176298
  12579 zeleboba  20   0 1544468 869404   3468 R  32,4  21,6   0:14.24 176298
  12579 zeleboba  20   0 1544468 869404   3468 R  33,7  21,6   0:14.58 176298
