  12580 zeleboba  20   0 1544468 869404   3468 S   0,0  21,6   0:07.58 176298
  12580 zeleboba  20   0 1544468 869404   3468 S   0,0  21,6   0:07.58 176298
  12580 zeleboba  20   0 1544468 869404   3468 S   0,0  21,6   0:07.58 176298
  12580 zeleboba  20   0 1544468 869404   3468 S   0,0  21,6   0:07.58 176298
  12580 zeleboba  20   0 1544468 869404   3468 S   0,0  21,6   0:07.58 176298
  12580 zeleboba  20   0 1544468 869404   3468 R   5,9  21,6   0:07.64 176298
  12580 zeleboba  20   0 1544468 832444   3468 R  16,2  20,7   0:07.81 176298
  12580 zeleboba  20   0 1544468 869404   3468 R  19,8  21,6   0:08.01 176298
  12580 zeleboba  20   0 1544468 869404   3468 R  29,4  21,6   0:08.31 176298
  12580 zeleboba  20   0 1544468 869404   3468 R  32,4  21,6   0:08.64 176298
  12580 zeleboba  20   0 1544468 869404   3468 S  22,8  21,6   0:08.87 176298
  12580 zeleboba  20   0 1544468 869404   3468 S   0,0  21,6   0:08.87 176298
  12580 zeleboba  20   0 1544468 869404   3468 S   0,0  21,6   0:08.87 176298
  12580 zeleboba  20   0 1544468 869404   3468 S   0,0  21,6   0:08.87 176298
  12580 zeleboba  20   0 1544468 869404   3468 S   0,0  21,6   0:08.87 176298
  12580 zeleboba  20   0 1544468 869404   3468 S   0,0  21,6   0:08.87 176298
  12580 zeleboba  20   0 1544468 869404   3468 S   0,0  21,6   0:08.87 176298
  12580 zeleboba  20   0 1544468 869404   3468 S   0,0  21,6   0:08.87 176298
  12580 zeleboba  20   0 1544468 869404   3468 R  12,7  21,6   0:09.00 176298
  12580 zeleboba  20   0 1544468 869404   3468 R  32,7  21,6   0:09.33 176298
  12580 zeleboba  20   0 1544468 869404   3468 R  32,4  21,6   0:09.66 176298
  12580 zeleboba  20   0 1544468 869404   3468 R  33,3  21,6   0:10.00 176298
  12580 zeleboba  20   0 1544468 869404   3468 R  23,8  21,6   0:10.24 176298
  12580 zeleboba  20   0 1544468 869404   3468 S   7,9  21,6   0:10.32 176298
  12580 zeleboba  20   0 1544468 869404   3468 S   0,0  21,6   0:10.32 176298
  12580 zeleboba  20   0 1544468 869404   3468 S   0,0  21,6   0:10.32 176298
  12580 zeleboba  20   0 1544468 869404   3468 S   0,0  21,6   0:10.32 176298
  12580 zeleboba  20   0 1544468 869404   3468 S   0,0  21,6   0:10.32 176298
  12580 zeleboba  20   0 1544468 869404   3468 S   0,0  21,6   0:10.32 176298
  12580 zeleboba  20   0 1544468 869404   3468 S   0,0  21,6   0:10.32 176298
  12580 zeleboba  20   0 1544468 869404   3468 S   0,0  21,6   0:10.32 176298
  12580 zeleboba  20   0 1544468 869404   3468 R  19,6  21,6   0:10.52 176298
  12580 zeleboba  20   0 1544468 869404   3468 R  31,7  21,6   0:10.84 176298
  12580 zeleboba  20   0 1544468 869404   3468 R  33,3  21,6   0:11.18 176298
  12580 zeleboba  20   0 1544468 869404   3468 R  31,7  21,6   0:11.50 176298
  12580 zeleboba  20   0 1544468 869404   3468 R  32,7  21,6   0:11.83 176298
  12580 zeleboba  20   0 1544468 869404   3468 S  12,9  21,6   0:11.96 176298
  12580 zeleboba  20   0 1544468 869404   3468 S   0,0  21,6   0:11.96 176298
  12580 zeleboba  20   0 1544468 869404   3468 S   0,0  21,6   0:11.96 176298
  12580 zeleboba  20   0 1544468 869404   3468 S   0,0  21,6   0:11.96 176298
  12580 zeleboba  20   0 1544468 869404   3468 S   0,0  21,6   0:11.96 176298
  12580 zeleboba  20   0 1544468 869404   3468 S   0,0  21,6   0:11.96 176298
  12580 zeleboba  20   0 1544468 869404   3468 S   0,0  21,6   0:11.96 176298
  12580 zeleboba  20   0 1544468 869404   3468 S   0,0  21,6   0:11.96 176298
  12580 zeleboba  20   0 1544468 869404   3468 R  23,8  21,6   0:12.20 176298
  12580 zeleboba  20   0 1544468 869404   3468 R  32,7  21,6   0:12.53 176298
  12580 zeleboba  20   0 1544468 869404   3468 R  33,7  21,6   0:12.87 176298
  12580 zeleboba  20   0 1544468 869404   3468 R  31,7  21,6   0:13.20 176298
  12580 zeleboba  20   0 1544468 869404   3468 R  32,7  21,6   0:13.53 176298
  12580 zeleboba  20   0 1544468 869404   3468 S   5,9  21,6   0:13.59 176298
  12580 zeleboba  20   0 1544468 869404   3468 S   0,0  21,6   0:13.59 176298
  12580 zeleboba  20   0 1544468 869404   3468 S   0,0  21,6   0:13.59 176298
  12580 zeleboba  20   0 1544468 869404   3468 S   0,0  21,6   0:13.59 176298
  12580 zeleboba  20   0 1544468 869404   3468 S   0,0  21,6   0:13.59 176298
  12580 zeleboba  20   0 1544468 869404   3468 S   0,0  21,6   0:13.59 176298
  12580 zeleboba  20   0 1544468 869404   3468 S   0,0  21,6   0:13.59 176298
  12580 zeleboba  20   0 1544468 869404   3468 S   0,0  21,6   0:13.59 176298
  12580 zeleboba  20   0 1544468 869404   3468 R  31,4  21,6   0:13.91 176298
  12580 zeleboba  20   0 1544468 869404   3468 R  31,4  21,6   0:14.24 176298
  12580 zeleboba  20   0 1544468 869404   3468 R  31,7  21,6   0:14.56 176298
