  12581 zeleboba  20   0 1544468 869404   3468 S   0,0  21,6   0:07.63 176298
  12581 zeleboba  20   0 1544468 869404   3468 S   0,0  21,6   0:07.63 176298
  12581 zeleboba  20   0 1544468 869404   3468 S   0,0  21,6   0:07.63 176298
  12581 zeleboba  20   0 1544468 869404   3468 S   0,0  21,6   0:07.63 176298
  12581 zeleboba  20   0 1544468 869404   3468 S   0,0  21,6   0:07.63 176298
  12581 zeleboba  20   0 1544468 869404   3468 R   5,9  21,6   0:07.69 176298
  12581 zeleboba  20   0 1544468 832444   3468 R  17,1  20,7   0:07.87 176298
  12581 zeleboba  20   0 1544468 869404   3468 R  17,8  21,6   0:08.05 176298
  12581 zeleboba  20   0 1544468 869404   3468 R  30,4  21,6   0:08.36 176298
  12581 zeleboba  20   0 1544468 869404   3468 R  33,3  21,6   0:08.70 176298
  12581 zeleboba  20   0 1544468 869404   3468 S  23,8  21,6   0:08.94 176298
  12581 zeleboba  20   0 1544468 869404   3468 S   0,0  21,6   0:08.94 176298
  12581 zeleboba  20   0 1544468 869404   3468 S   0,0  21,6   0:08.94 176298
  12581 zeleboba  20   0 1544468 869404   3468 S   0,0  21,6   0:08.94 176298
  12581 zeleboba  20   0 1544468 869404   3468 S   0,0  21,6   0:08.94 176298
  12581 zeleboba  20   0 1544468 869404   3468 S   0,0  21,6   0:08.94 176298
  12581 zeleboba  20   0 1544468 869404   3468 S   0,0  21,6   0:08.94 176298
  12581 zeleboba  20   0 1544468 869404   3468 S   0,0  21,6   0:08.94 176298
  12581 zeleboba  20   0 1544468 869404   3468 R  11,8  21,6   0:09.06 176298
  12581 zeleboba  20   0 1544468 869404   3468 R  32,7  21,6   0:09.39 176298
  12581 zeleboba  20   0 1544468 869404   3468 R  33,3  21,6   0:09.73 176298
  12581 zeleboba  20   0 1544468 869404   3468 R  30,4  21,6   0:10.04 176298
  12581 zeleboba  20   0 1544468 869404   3468 R  23,8  21,6   0:10.28 176298
  12581 zeleboba  20   0 1544468 869404   3468 S  10,9  21,6   0:10.39 176298
  12581 zeleboba  20   0 1544468 869404   3468 S   0,0  21,6   0:10.39 176298
  12581 zeleboba  20   0 1544468 869404   3468 S   0,0  21,6   0:10.39 176298
  12581 zeleboba  20   0 1544468 869404   3468 S   0,0  21,6   0:10.39 176298
  12581 zeleboba  20   0 1544468 869404   3468 S   0,0  21,6   0:10.39 176298
  12581 zeleboba  20   0 1544468 869404   3468 S   0,0  21,6   0:10.39 176298
  12581 zeleboba  20   0 1544468 869404   3468 S   0,0  21,6   0:10.39 176298
  12581 zeleboba  20   0 1544468 869404   3468 S   0,0  21,6   0:10.39 176298
  12581 zeleboba  20   0 1544468 869404   3468 R  18,6  21,6   0:10.58 176298
  12581 zeleboba  20   0 1544468 869404   3468 R  31,7  21,6   0:10.90 176298
  12581 zeleboba  20   0 1544468 869404   3468 R  33,3  21,6   0:11.24 176298
  12581 zeleboba  20   0 1544468 869404   3468 R  32,7  21,6   0:11.57 176298
  12581 zeleboba  20   0 1544468 869404   3468 R  32,7  21,6   0:11.90 176298
  12581 zeleboba  20   0 1544468 869404   3468 S  13,9  21,6   0:12.04 176298
  12581 zeleboba  20   0 1544468 869404   3468 S   0,0  21,6   0:12.04 176298
  12581 zeleboba  20   0 1544468 869404   3468 S   0,0  21,6   0:12.04 176298
  12581 zeleboba  20   0 1544468 869404   3468 S   0,0  21,6   0:12.04 176298
  12581 zeleboba  20   0 1544468 869404   3468 S   0,0  21,6   0:12.04 176298
  12581 zeleboba  20   0 1544468 869404   3468 S   0,0  21,6   0:12.04 176298
  12581 zeleboba  20   0 1544468 869404   3468 S   0,0  21,6   0:12.04 176298
  12581 zeleboba  20   0 1544468 869404   3468 S   0,0  21,6   0:12.04 176298
  12581 zeleboba  20   0 1544468 869404   3468 R  22,8  21,6   0:12.27 176298
  12581 zeleboba  20   0 1544468 869404   3468 R  32,7  21,6   0:12.60 176298
  12581 zeleboba  20   0 1544468 869404   3468 R  32,7  21,6   0:12.93 176298
  12581 zeleboba  20   0 1544468 869404   3468 R  32,7  21,6   0:13.27 176298
  12581 zeleboba  20   0 1544468 869404   3468 R  31,7  21,6   0:13.59 176298
  12581 zeleboba  20   0 1544468 869404   3468 S   9,9  21,6   0:13.69 176298
  12581 zeleboba  20   0 1544468 869404   3468 S   0,0  21,6   0:13.69 176298
  12581 zeleboba  20   0 1544468 869404   3468 S   0,0  21,6   0:13.69 176298
  12581 zeleboba  20   0 1544468 869404   3468 S   0,0  21,6   0:13.69 176298
  12581 zeleboba  20   0 1544468 869404   3468 S   0,0  21,6   0:13.69 176298
  12581 zeleboba  20   0 1544468 869404   3468 S   0,0  21,6   0:13.69 176298
  12581 zeleboba  20   0 1544468 869404   3468 S   0,0  21,6   0:13.69 176298
  12581 zeleboba  20   0 1544468 869404   3468 S   0,0  21,6   0:13.69 176298
  12581 zeleboba  20   0 1544468 869404   3468 R  28,4  21,6   0:13.98 176298
  12581 zeleboba  20   0 1544468 869404   3468 R  32,4  21,6   0:14.32 176298
  12581 zeleboba  20   0 1544468 869404   3468 R  33,7  21,6   0:14.66 176298
