  12557 zeleboba  20   0 1544468 869404   3468 S   0,0  21,6   0:00.65 176298
  12557 zeleboba  20   0 1544468 869404   3468 S   0,0  21,6   0:00.65 176298
  12557 zeleboba  20   0 1544468 869404   3468 S   0,0  21,6   0:00.65 176298
  12557 zeleboba  20   0 1544468 869404   3468 S   0,0  21,6   0:00.65 176298
  12557 zeleboba  20   0 1544468 869404   3468 S   0,0  21,6   0:00.65 176298
  12557 zeleboba  20   0 1544468 869404   3468 S   0,0  21,6   0:00.65 176298
  12557 zeleboba  20   0 1544468 832444   3468 S   1,9  20,7   0:00.67 176298
  12557 zeleboba  20   0 1544468 869404   3468 R   7,9  21,6   0:00.75 176298
  12557 zeleboba  20   0 1544468 869404   3468 S   3,9  21,6   0:00.79 176298
  12557 zeleboba  20   0 1544468 869404   3468 S   0,0  21,6   0:00.79 176298
  12557 zeleboba  20   0 1544468 869404   3468 S   0,0  21,6   0:00.79 176298
  12557 zeleboba  20   0 1544468 869404   3468 S   0,0  21,6   0:00.79 176298
  12557 zeleboba  20   0 1544468 869404   3468 S   0,0  21,6   0:00.79 176298
  12557 zeleboba  20   0 1544468 869404   3468 S   0,0  21,6   0:00.79 176298
  12557 zeleboba  20   0 1544468 869404   3468 S   0,0  21,6   0:00.79 176298
  12557 zeleboba  20   0 1544468 869404   3468 S   0,0  21,6   0:00.79 176298
  12557 zeleboba  20   0 1544468 869404   3468 S   0,0  21,6   0:00.79 176298
  12557 zeleboba  20   0 1544468 869404   3468 S   0,0  21,6   0:00.79 176298
  12557 zeleboba  20   0 1544468 869404   3468 S   0,0  21,6   0:00.79 176298
  12557 zeleboba  20   0 1544468 869404   3468 S   0,0  21,6   0:00.79 176298
  12557 zeleboba  20   0 1544468 869404   3468 S   0,0  21,6   0:00.79 176298
  12557 zeleboba  20   0 1544468 869404   3468 S   0,0  21,6   0:00.79 176298
  12557 zeleboba  20   0 1544468 869404   3468 S   0,0  21,6   0:00.79 176298
  12557 zeleboba  20   0 1544468 869404   3468 R   3,0  21,6   0:00.82 176298
  12557 zeleboba  20   0 1544468 869404   3468 S  10,8  21,6   0:00.93 176298
  12557 zeleboba  20   0 1544468 869404   3468 S   0,0  21,6   0:00.93 176298
  12557 zeleboba  20   0 1544468 869404   3468 S   0,0  21,6   0:00.93 176298
  12557 zeleboba  20   0 1544468 869404   3468 S   0,0  21,6   0:00.93 176298
  12557 zeleboba  20   0 1544468 869404   3468 S   0,0  21,6   0:00.93 176298
  12557 zeleboba  20   0 1544468 869404   3468 S   0,0  21,6   0:00.93 176298
  12557 zeleboba  20   0 1544468 869404   3468 S   0,0  21,6   0:00.93 176298
  12557 zeleboba  20   0 1544468 869404   3468 S   0,0  21,6   0:00.93 176298
  12557 zeleboba  20   0 1544468 869404   3468 S   0,0  21,6   0:00.93 176298
  12557 zeleboba  20   0 1544468 869404   3468 S   0,0  21,6   0:00.93 176298
  12557 zeleboba  20   0 1544468 869404   3468 S   0,0  21,6   0:00.93 176298
  12557 zeleboba  20   0 1544468 869404   3468 S   0,0  21,6   0:00.93 176298
  12557 zeleboba  20   0 1544468 869404   3468 S   0,0  21,6   0:00.93 176298
  12557 zeleboba  20   0 1544468 869404   3468 S   0,0  21,6   0:00.93 176298
  12557 zeleboba  20   0 1544468 869404   3468 S   0,0  21,6   0:00.93 176298
  12557 zeleboba  20   0 1544468 869404   3468 S   1,0  21,6   0:00.94 176298
  12557 zeleboba  20   0 1544468 869404   3468 S  10,8  21,6   0:01.05 176298
  12557 zeleboba  20   0 1544468 869404   3468 S   0,0  21,6   0:01.05 176298
  12557 zeleboba  20   0 1544468 869404   3468 S   0,0  21,6   0:01.05 176298
  12557 zeleboba  20   0 1544468 869404   3468 S   0,0  21,6   0:01.05 176298
  12557 zeleboba  20   0 1544468 869404   3468 S   0,0  21,6   0:01.05 176298
  12557 zeleboba  20   0 1544468 869404   3468 S   0,0  21,6   0:01.05 176298
  12557 zeleboba  20   0 1544468 869404   3468 S   0,0  21,6   0:01.05 176298
  12557 zeleboba  20   0 1544468 869404   3468 S   0,0  21,6   0:01.05 176298
  12557 zeleboba  20   0 1544468 869404   3468 S   0,0  21,6   0:01.05 176298
  12557 zeleboba  20   0 1544468 869404   3468 S   0,0  21,6   0:01.05 176298
  12557 zeleboba  20   0 1544468 869404   3468 S   0,0  21,6   0:01.05 176298
  12557 zeleboba  20   0 1544468 869404   3468 S   0,0  21,6   0:01.05 176298
  12557 zeleboba  20   0 1544468 869404   3468 S   0,0  21,6   0:01.05 176298
  12557 zeleboba  20   0 1544468 869404   3468 S   0,0  21,6   0:01.05 176298
  12557 zeleboba  20   0 1544468 869404   3468 S   0,0  21,6   0:01.05 176298
  12557 zeleboba  20   0 1544468 869404   3468 R   2,0  21,6   0:01.07 176298
  12557 zeleboba  20   0 1544468 869404   3468 S   9,9  21,6   0:01.17 176298
  12557 zeleboba  20   0 1544468 869404   3468 S   0,0  21,6   0:01.17 176298
  12557 zeleboba  20   0 1544468 869404   3468 S   0,0  21,6   0:01.17 176298
  12557 zeleboba  20   0 1544468 869404   3468 S   0,0  21,6   0:01.17 176298
