  12558 zeleboba  20   0 1544468 869404   3468 S   0,0  21,6   0:00.82 176298
  12558 zeleboba  20   0 1544468 869404   3468 S   0,0  21,6   0:00.82 176298
  12558 zeleboba  20   0 1544468 869404   3468 S   0,0  21,6   0:00.82 176298
  12558 zeleboba  20   0 1544468 869404   3468 S   0,0  21,6   0:00.82 176298
  12558 zeleboba  20   0 1544468 869404   3468 S   0,0  21,6   0:00.82 176298
  12558 zeleboba  20   0 1544468 869404   3468 S   0,0  21,6   0:00.82 176298
  12558 zeleboba  20   0 1544468 832444   3468 R  14,3  20,7   0:00.97 176298
  12558 zeleboba  20   0 1544468 869404   3468 S   1,0  21,6   0:00.98 176298
  12558 zeleboba  20   0 1544468 869404   3468 S   0,0  21,6   0:00.98 176298
  12558 zeleboba  20   0 1544468 869404   3468 S   0,0  21,6   0:00.98 176298
  12558 zeleboba  20   0 1544468 869404   3468 S   0,0  21,6   0:00.98 176298
  12558 zeleboba  20   0 1544468 869404   3468 S   0,0  21,6   0:00.98 176298
  12558 zeleboba  20   0 1544468 869404   3468 S   0,0  21,6   0:00.98 176298
  12558 zeleboba  20   0 1544468 869404   3468 S   0,0  21,6   0:00.98 176298
  12558 zeleboba  20   0 1544468 869404   3468 S   0,0  21,6   0:00.98 176298
  12558 zeleboba  20   0 1544468 869404   3468 S   0,0  21,6   0:00.98 176298
  12558 zeleboba  20   0 1544468 869404   3468 S   0,0  21,6   0:00.98 176298
  12558 zeleboba  20   0 1544468 869404   3468 S   0,0  21,6   0:00.98 176298
  12558 zeleboba  20   0 1544468 869404   3468 S   0,0  21,6   0:00.98 176298
  12558 zeleboba  20   0 1544468 869404   3468 S   0,0  21,6   0:00.98 176298
  12558 zeleboba  20   0 1544468 869404   3468 S   0,0  21,6   0:00.98 176298
  12558 zeleboba  20   0 1544468 869404   3468 S   0,0  21,6   0:00.98 176298
  12558 zeleboba  20   0 1544468 869404   3468 R   2,0  21,6   0:01.00 176298
  12558 zeleboba  20   0 1544468 869404   3468 S  13,9  21,6   0:01.14 176298
  12558 zeleboba  20   0 1544468 869404   3468 S   0,0  21,6   0:01.14 176298
  12558 zeleboba  20   0 1544468 869404   3468 S   0,0  21,6   0:01.14 176298
  12558 zeleboba  20   0 1544468 869404   3468 S   0,0  21,6   0:01.14 176298
  12558 zeleboba  20   0 1544468 869404   3468 S   0,0  21,6   0:01.14 176298
  12558 zeleboba  20   0 1544468 869404   3468 S   0,0  21,6   0:01.14 176298
  12558 zeleboba  20   0 1544468 869404   3468 S   0,0  21,6   0:01.14 176298
  12558 zeleboba  20   0 1544468 869404   3468 S   0,0  21,6   0:01.14 176298
  12558 zeleboba  20   0 1544468 869404   3468 S   0,0  21,6   0:01.14 176298
  12558 zeleboba  20   0 1544468 869404   3468 S   0,0  21,6   0:01.14 176298
  12558 zeleboba  20   0 1544468 869404   3468 S   0,0  21,6   0:01.14 176298
  12558 zeleboba  20   0 1544468 869404   3468 S   0,0  21,6   0:01.14 176298
  12558 zeleboba  20   0 1544468 869404   3468 S   0,0  21,6   0:01.14 176298
  12558 zeleboba  20   0 1544468 869404   3468 S   0,0  21,6   0:01.14 176298
  12558 zeleboba  20   0 1544468 869404   3468 S   0,0  21,6   0:01.14 176298
  12558 zeleboba  20   0 1544468 869404   3468 S   0,0  21,6   0:01.14 176298
  12558 zeleboba  20   0 1544468 869404   3468 S  16,7  21,6   0:01.31 176298
  12558 zeleboba  20   0 1544468 869404   3468 S   0,0  21,6   0:01.31 176298
  12558 zeleboba  20   0 1544468 869404   3468 S   0,0  21,6   0:01.31 176298
  12558 zeleboba  20   0 1544468 869404   3468 S   0,0  21,6   0:01.31 176298
  12558 zeleboba  20   0 1544468 869404   3468 S   0,0  21,6   0:01.31 176298
  12558 zeleboba  20   0 1544468 869404   3468 S   0,0  21,6   0:01.31 176298
  12558 zeleboba  20   0 1544468 869404   3468 S   0,0  21,6   0:01.31 176298
  12558 zeleboba  20   0 1544468 869404   3468 S   0,0  21,6   0:01.31 176298
  12558 zeleboba  20   0 1544468 869404   3468 S   0,0  21,6   0:01.31 176298
  12558 zeleboba  20   0 1544468 869404   3468 S   0,0  21,6   0:01.31 176298
  12558 zeleboba  20   0 1544468 869404   3468 S   0,0  21,6   0:01.31 176298
  12558 zeleboba  20   0 1544468 869404   3468 S   0,0  21,6   0:01.31 176298
  12558 zeleboba  20   0 1544468 869404   3468 S   0,0  21,6   0:01.31 176298
  12558 zeleboba  20   0 1544468 869404   3468 S   0,0  21,6   0:01.31 176298
  12558 zeleboba  20   0 1544468 869404   3468 S   0,0  21,6   0:01.31 176298
  12558 zeleboba  20   0 1544468 869404   3468 S   0,0  21,6   0:01.31 176298
  12558 zeleboba  20   0 1544468 869404   3468 S  15,8  21,6   0:01.47 176298
  12558 zeleboba  20   0 1544468 869404   3468 S   0,0  21,6   0:01.47 176298
  12558 zeleboba  20   0 1544468 869404   3468 S   0,0  21,6   0:01.47 176298
  12558 zeleboba  20   0 1544468 869404   3468 S   0,0  21,6   0:01.47 176298
  12558 zeleboba  20   0 1544468 869404   3468 S   0,0  21,6   0:01.47 176298
