  12559 zeleboba  20   0 1544468 869404   3468 S   0,0  21,6   0:00.57 176298
  12559 zeleboba  20   0 1544468 869404   3468 S   0,0  21,6   0:00.57 176298
  12559 zeleboba  20   0 1544468 869404   3468 S   0,0  21,6   0:00.57 176298
  12559 zeleboba  20   0 1544468 869404   3468 S   0,0  21,6   0:00.57 176298
  12559 zeleboba  20   0 1544468 869404   3468 S   0,0  21,6   0:00.57 176298
  12559 zeleboba  20   0 1544468 869404   3468 S   1,0  21,6   0:00.58 176298
  12559 zeleboba  20   0 1544468 832444   3468 S   1,0  20,7   0:00.59 176298
  12559 zeleboba  20   0 1544468 869404   3468 S   9,9  21,6   0:00.69 176298
  12559 zeleboba  20   0 1544468 869404   3468 S   0,0  21,6   0:00.69 176298
  12559 zeleboba  20   0 1544468 869404   3468 S   0,0  21,6   0:00.69 176298
  12559 zeleboba  20   0 1544468 869404   3468 S   0,0  21,6   0:00.69 176298
  12559 zeleboba  20   0 1544468 869404   3468 S   0,0  21,6   0:00.69 176298
  12559 zeleboba  20   0 1544468 869404   3468 S   0,0  21,6   0:00.69 176298
  12559 zeleboba  20   0 1544468 869404   3468 S   0,0  21,6   0:00.69 176298
  12559 zeleboba  20   0 1544468 869404   3468 S   0,0  21,6   0:00.69 176298
  12559 zeleboba  20   0 1544468 869404   3468 S   0,0  21,6   0:00.69 176298
  12559 zeleboba  20   0 1544468 869404   3468 S   0,0  21,6   0:00.69 176298
  12559 zeleboba  20   0 1544468 869404   3468 S   0,0  21,6   0:00.69 176298
  12559 zeleboba  20   0 1544468 869404   3468 S   0,0  21,6   0:00.69 176298
  12559 zeleboba  20   0 1544468 869404   3468 S   0,0  21,6   0:00.69 176298
  12559 zeleboba  20   0 1544468 869404   3468 S   0,0  21,6   0:00.69 176298
  12559 zeleboba  20   0 1544468 869404   3468 S   0,0  21,6   0:00.69 176298
  12559 zeleboba  20   0 1544468 869404   3468 S   1,0  21,6   0:00.70 176298
  12559 zeleboba  20   0 1544468 869404   3468 S  13,9  21,6   0:00.84 176298
  12559 zeleboba  20   0 1544468 869404   3468 S   0,0  21,6   0:00.84 176298
  12559 zeleboba  20   0 1544468 869404   3468 S   0,0  21,6   0:00.84 176298
  12559 zeleboba  20   0 1544468 869404   3468 S   0,0  21,6   0:00.84 176298
  12559 zeleboba  20   0 1544468 869404   3468 S   0,0  21,6   0:00.84 176298
  12559 zeleboba  20   0 1544468 869404   3468 S   0,0  21,6   0:00.84 176298
  12559 zeleboba  20   0 1544468 869404   3468 S   0,0  21,6   0:00.84 176298
  12559 zeleboba  20   0 1544468 869404   3468 S   0,0  21,6   0:00.84 176298
  12559 zeleboba  20   0 1544468 869404   3468 S   0,0  21,6   0:00.84 176298
  12559 zeleboba  20   0 1544468 869404   3468 S   0,0  21,6   0:00.84 176298
  12559 zeleboba  20   0 1544468 869404   3468 S   0,0  21,6   0:00.84 176298
  12559 zeleboba  20   0 1544468 869404   3468 S   0,0  21,6   0:00.84 176298
  12559 zeleboba  20   0 1544468 869404   3468 S   0,0  21,6   0:00.84 176298
  12559 zeleboba  20   0 1544468 869404   3468 S   0,0  21,6   0:00.84 176298
  12559 zeleboba  20   0 1544468 869404   3468 S   0,0  21,6   0:00.84 176298
  12559 zeleboba  20   0 1544468 869404   3468 S   1,0  21,6   0:00.85 176298
  12559 zeleboba  20   0 1544468 869404   3468 S  11,8  21,6   0:00.97 176298
  12559 zeleboba  20   0 1544468 869404   3468 S   0,0  21,6   0:00.97 176298
  12559 zeleboba  20   0 1544468 869404   3468 S   0,0  21,6   0:00.97 176298
  12559 zeleboba  20   0 1544468 869404   3468 S   0,0  21,6   0:00.97 176298
  12559 zeleboba  20   0 1544468 869404   3468 S   0,0  21,6   0:00.97 176298
  12559 zeleboba  20   0 1544468 869404   3468 S   0,0  21,6   0:00.97 176298
  12559 zeleboba  20   0 1544468 869404   3468 S   0,0  21,6   0:00.97 176298
  12559 zeleboba  20   0 1544468 869404   3468 S   0,0  21,6   0:00.97 176298
  12559 zeleboba  20   0 1544468 869404   3468 S   0,0  21,6   0:00.97 176298
  12559 zeleboba  20   0 1544468 869404   3468 S   0,0  21,6   0:00.97 176298
  12559 zeleboba  20   0 1544468 869404   3468 S   0,0  21,6   0:00.97 176298
  12559 zeleboba  20   0 1544468 869404   3468 S   0,0  21,6   0:00.97 176298
  12559 zeleboba  20   0 1544468 869404   3468 S   0,0  21,6   0:00.97 176298
  12559 zeleboba  20   0 1544468 869404   3468 S   0,0  21,6   0:00.97 176298
  12559 zeleboba  20   0 1544468 869404   3468 S   0,0  21,6   0:00.97 176298
  12559 zeleboba  20   0 1544468 869404   3468 S   1,0  21,6   0:00.98 176298
  12559 zeleboba  20   0 1544468 869404   3468 R  10,9  21,6   0:01.09 176298
  12559 zeleboba  20   0 1544468 869404   3468 S   1,0  21,6   0:01.10 176298
  12559 zeleboba  20   0 1544468 869404   3468 S   0,0  21,6   0:01.10 176298
  12559 zeleboba  20   0 1544468 869404   3468 S   0,0  21,6   0:01.10 176298
  12559 zeleboba  20   0 1544468 869404   3468 S   0,0  21,6   0:01.10 176298
