  12560 zeleboba  20   0 1544468 869404   3468 S   0,0  21,6   0:00.78 176298
  12560 zeleboba  20   0 1544468 869404   3468 S   0,0  21,6   0:00.78 176298
  12560 zeleboba  20   0 1544468 869404   3468 S   0,0  21,6   0:00.78 176298
  12560 zeleboba  20   0 1544468 869404   3468 S   0,0  21,6   0:00.78 176298
  12560 zeleboba  20   0 1544468 869404   3468 S   0,0  21,6   0:00.78 176298
  12560 zeleboba  20   0 1544468 869404   3468 R  11,9  21,6   0:00.90 176298
  12560 zeleboba  20   0 1544468 832444   3468 S   5,7  20,7   0:00.96 176298
  12560 zeleboba  20   0 1544468 869404   3468 S   0,0  21,6   0:00.96 176298
  12560 zeleboba  20   0 1544468 869404   3468 S   0,0  21,6   0:00.96 176298
  12560 zeleboba  20   0 1544468 869404   3468 S   0,0  21,6   0:00.96 176298
  12560 zeleboba  20   0 1544468 869404   3468 S   0,0  21,6   0:00.96 176298
  12560 zeleboba  20   0 1544468 869404   3468 S   0,0  21,6   0:00.96 176298
  12560 zeleboba  20   0 1544468 869404   3468 S   0,0  21,6   0:00.96 176298
  12560 zeleboba  20   0 1544468 869404   3468 S   0,0  21,6   0:00.96 176298
  12560 zeleboba  20   0 1544468 869404   3468 S   0,0  21,6   0:00.96 176298
  12560 zeleboba  20   0 1544468 869404   3468 S   0,0  21,6   0:00.96 176298
  12560 zeleboba  20   0 1544468 869404   3468 S   0,0  21,6   0:00.96 176298
  12560 zeleboba  20   0 1544468 869404   3468 S   0,0  21,6   0:00.96 176298
  12560 zeleboba  20   0 1544468 869404   3468 S   0,0  21,6   0:00.96 176298
  12560 zeleboba  20   0 1544468 869404   3468 S   0,0  21,6   0:00.96 176298
  12560 zeleboba  20   0 1544468 869404   3468 S   0,0  21,6   0:00.96 176298
  12560 zeleboba  20   0 1544468 869404   3468 S   0,0  21,6   0:00.96 176298
  12560 zeleboba  20   0 1544468 869404   3468 S  16,8  21,6   0:01.13 176298
  12560 zeleboba  20   0 1544468 869404   3468 S   0,0  21,6   0:01.13 176298
  12560 zeleboba  20   0 1544468 869404   3468 S   0,0  21,6   0:01.13 176298
  12560 zeleboba  20   0 1544468 869404   3468 S   0,0  21,6   0:01.13 176298
  12560 zeleboba  20   0 1544468 869404   3468 S   0,0  21,6   0:01.13 176298
  12560 zeleboba  20   0 1544468 869404   3468 S   0,0  21,6   0:01.13 176298
  12560 zeleboba  20   0 1544468 869404   3468 S   0,0  21,6   0:01.13 176298
  12560 zeleboba  20   0 1544468 869404   3468 S   0,0  21,6   0:01.13 176298
  12560 zeleboba  20   0 1544468 869404   3468 S   0,0  21,6   0:01.13 176298
  12560 zeleboba  20   0 1544468 869404   3468 S   0,0  21,6   0:01.13 176298
  12560 zeleboba  20   0 1544468 869404   3468 S   0,0  21,6   0:01.13 176298
  12560 zeleboba  20   0 1544468 869404   3468 S   0,0  21,6   0:01.13 176298
  12560 zeleboba  20   0 1544468 869404   3468 S   0,0  21,6   0:01.13 176298
  12560 zeleboba  20   0 1544468 869404   3468 S   0,0  21,6   0:01.13 176298
  12560 zeleboba  20   0 1544468 869404   3468 S   0,0  21,6   0:01.13 176298
  12560 zeleboba  20   0 1544468 869404   3468 S   0,0  21,6   0:01.13 176298
  12560 zeleboba  20   0 1544468 869404   3468 S  15,7  21,6   0:01.29 176298
  12560 zeleboba  20   0 1544468 869404   3468 S   0,0  21,6   0:01.29 176298
  12560 zeleboba  20   0 1544468 869404   3468 S   0,0  21,6   0:01.29 176298
  12560 zeleboba  20   0 1544468 869404   3468 S   0,0  21,6   0:01.29 176298
  12560 zeleboba  20   0 1544468 869404   3468 S   0,0  21,6   0:01.29 176298
  12560 zeleboba  20   0 1544468 869404   3468 S   0,0  21,6   0:01.29 176298
  12560 zeleboba  20   0 1544468 869404   3468 S   0,0  21,6   0:01.29 176298
  12560 zeleboba  20   0 1544468 869404   3468 S   0,0  21,6   0:01.29 176298
  12560 zeleboba  20   0 1544468 869404   3468 S   0,0  21,6   0:01.29 176298
  12560 zeleboba  20   0 1544468 869404   3468 S   0,0  21,6   0:01.29 176298
  12560 zeleboba  20   0 1544468 869404   3468 S   0,0  21,6   0:01.29 176298
  12560 zeleboba  20   0 1544468 869404   3468 S   0,0  21,6   0:01.29 176298
  12560 zeleboba  20   0 1544468 869404   3468 S   0,0  21,6   0:01.29 176298
  12560 zeleboba  20   0 1544468 869404   3468 S   0,0  21,6   0:01.29 176298
  12560 zeleboba  20   0 1544468 869404   3468 S   0,0  21,6   0:01.29 176298
  12560 zeleboba  20   0 1544468 869404   3468 S   0,0  21,6   0:01.29 176298
  12560 zeleboba  20   0 1544468 869404   3468 S  14,7  21,6   0:01.44 176298
  12560 zeleboba  20   0 1544468 869404   3468 S   0,0  21,6   0:01.44 176298
  12560 zeleboba  20   0 1544468 869404   3468 S   0,0  21,6   0:01.44 176298
  12560 zeleboba  20   0 1544468 869404   3468 S   0,0  21,6   0:01.44 176298
  12560 zeleboba  20   0 1544468 869404   3468 S   0,0  21,6   0:01.44 176298
  12560 zeleboba  20   0 1544468 869404   3468 S   0,0  21,6   0:01.44 176298
