  12561 zeleboba  20   0 1544468 869404   3468 S   0,0  21,6   0:00.56 176298
  12561 zeleboba  20   0 1544468 869404   3468 S   0,0  21,6   0:00.56 176298
  12561 zeleboba  20   0 1544468 869404   3468 S   0,0  21,6   0:00.56 176298
  12561 zeleboba  20   0 1544468 869404   3468 S   0,0  21,6   0:00.56 176298
  12561 zeleboba  20   0 1544468 869404   3468 S   0,0  21,6   0:00.56 176298
  12561 zeleboba  20   0 1544468 869404   3468 S   2,0  21,6   0:00.58 176298
  12561 zeleboba  20   0 1544468 832444   3468 S   8,6  20,7   0:00.67 176298
  12561 zeleboba  20   0 1544468 869404   3468 S   0,0  21,6   0:00.67 176298
  12561 zeleboba  20   0 1544468 869404   3468 S   0,0  21,6   0:00.67 176298
  12561 zeleboba  20   0 1544468 869404   3468 S   0,0  21,6   0:00.67 176298
  12561 zeleboba  20   0 1544468 869404   3468 S   0,0  21,6   0:00.67 176298
  12561 zeleboba  20   0 1544468 869404   3468 S   0,0  21,6   0:00.67 176298
  12561 zeleboba  20   0 1544468 869404   3468 S   0,0  21,6   0:00.67 176298
  12561 zeleboba  20   0 1544468 869404   3468 S   0,0  21,6   0:00.67 176298
  12561 zeleboba  20   0 1544468 869404   3468 S   0,0  21,6   0:00.67 176298
  12561 zeleboba  20   0 1544468 869404   3468 S   0,0  21,6   0:00.67 176298
  12561 zeleboba  20   0 1544468 869404   3468 S   0,0  21,6   0:00.67 176298
  12561 zeleboba  20   0 1544468 869404   3468 S   0,0  21,6   0:00.67 176298
  12561 zeleboba  20   0 1544468 869404   3468 S   0,0  21,6   0:00.67 176298
  12561 zeleboba  20   0 1544468 869404   3468 S   0,0  21,6   0:00.67 176298
  12561 zeleboba  20   0 1544468 869404   3468 S   0,0  21,6   0:00.67 176298
  12561 zeleboba  20   0 1544468 869404   3468 S   1,0  21,6   0:00.68 176298
  12561 zeleboba  20   0 1544468 869404   3468 R   5,9  21,6   0:00.74 176298
  12561 zeleboba  20   0 1544468 869404   3468 S   5,0  21,6   0:00.79 176298
  12561 zeleboba  20   0 1544468 869404   3468 S   0,0  21,6   0:00.79 176298
  12561 zeleboba  20   0 1544468 869404   3468 S   0,0  21,6   0:00.79 176298
  12561 zeleboba  20   0 1544468 869404   3468 S   0,0  21,6   0:00.79 176298
  12561 zeleboba  20   0 1544468 869404   3468 S   0,0  21,6   0:00.79 176298
  12561 zeleboba  20   0 1544468 869404   3468 S   0,0  21,6   0:00.79 176298
  12561 zeleboba  20   0 1544468 869404   3468 S   0,0  21,6   0:00.79 176298
  12561 zeleboba  20   0 1544468 869404   3468 S   0,0  21,6   0:00.79 176298
  12561 zeleboba  20   0 1544468 869404   3468 S   0,0  21,6   0:00.79 176298
  12561 zeleboba  20   0 1544468 869404   3468 S   0,0  21,6   0:00.79 176298
  12561 zeleboba  20   0 1544468 869404   3468 S   0,0  21,6   0:00.79 176298
  12561 zeleboba  20   0 1544468 869404   3468 S   0,0  21,6   0:00.79 176298
  12561 zeleboba  20   0 1544468 869404   3468 S   0,0  21,6   0:00.79 176298
  12561 zeleboba  20   0 1544468 869404   3468 S   0,0  21,6   0:00.79 176298
  12561 zeleboba  20   0 1544468 869404   3468 S   0,0  21,6   0:00.79 176298
  12561 zeleboba  20   0 1544468 869404   3468 R   7,8  21,6   0:00.87 176298
  12561 zeleboba  20   0 1544468 869404   3468 S   4,9  21,6   0:00.92 176298
  12561 zeleboba  20   0 1544468 869404   3468 S   0,0  21,6   0:00.92 176298
  12561 zeleboba  20   0 1544468 869404   3468 S   0,0  21,6   0:00.92 176298
  12561 zeleboba  20   0 1544468 869404   3468 S   0,0  21,6   0:00.92 176298
  12561 zeleboba  20   0 1544468 869404   3468 S   0,0  21,6   0:00.92 176298
  12561 zeleboba  20   0 1544468 869404   3468 S   0,0  21,6   0:00.92 176298
  12561 zeleboba  20   0 1544468 869404   3468 S   0,0  21,6   0:00.92 176298
  12561 zeleboba  20   0 1544468 869404   3468 S   0,0  21,6   0:00.92 176298
  12561 zeleboba  20   0 1544468 869404   3468 S   0,0  21,6   0:00.92 176298
  12561 zeleboba  20   0 1544468 869404   3468 S   0,0  21,6   0:00.92 176298
  12561 zeleboba  20   0 1544468 869404   3468 S   0,0  21,6   0:00.92 176298
  12561 zeleboba  20   0 1544468 869404   3468 S   0,0  21,6   0:00.92 176298
  12561 zeleboba  20   0 1544468 869404   3468 S   0,0  21,6   0:00.92 176298
  12561 zeleboba  20   0 1544468 869404   3468 S   0,0  21,6   0:00.92 176298
  12561 zeleboba  20   0 1544468 869404   3468 S   0,0  21,6   0:00.92 176298
  12561 zeleboba  20   0 1544468 869404   3468 R   3,9  21,6   0:00.96 176298
  12561 zeleboba  20   0 1544468 869404   3468 S   8,9  21,6   0:01.05 176298
  12561 zeleboba  20   0 1544468 869404   3468 S   0,0  21,6   0:01.05 176298
  12561 zeleboba  20   0 1544468 869404   3468 S   0,0  21,6   0:01.05 176298
  12561 zeleboba  20   0 1544468 869404   3468 S   0,0  21,6   0:01.05 176298
  12561 zeleboba  20   0 1544468 869404   3468 S   0,0  21,6   0:01.05 176298
